CYS 6694 (42616, 6.3663)
PHE 18470 (117540, 6.36383)
LEU 39309 (235577, 5.99295)
TRP 6422 (39799, 6.19729)
VAL 30321 (173958, 5.73721)
ILE 25692 (150818, 5.87023)
MET 7375 (46740, 6.33763)
HIS 10470 (63469, 6.06199)
TYR 15754 (97484, 6.18789)
ALA 33041 (197542, 5.97869)
GLY 29909 (172421, 5.76485)
PRO 18971 (109880, 5.792)
ASN 18896 (114314, 6.04964)
THR 23595 (138269, 5.8601)
SER 25246 (150938, 5.97869)
ARG 20797 (129037, 6.2046)
GLN 16440 (99515, 6.05322)
ASP 24919 (154220, 6.18885)
LYS 24117 (141122, 5.85156)
GLU 27905 (172890, 6.19566)
HOH 354270 (708540, 2)
